0:  540912.55,6601089.68:   0,  1,  2, 11, 12, 13, 14, 23, 24, 25, 26, 39
1:  540968.56,6601087.85:   3,  4,  5,  6, 15, 16, 17, 18, 27, 28, 29, 30
2:  541025.67,6601088.91:   7,  8,  9, 10, 19, 20, 21, 31, 32, 33
3:  540891.81,6601129.38:  36, 37, 38, 50, 51, 52, 53, 65, 66, 67, 68, 83
4:  540946.28,6601125.58:  40, 41, 42, 54, 55, 56, 57, 69, 70, 71, 72
5:  541006.40,6601125.48:  43, 44, 45, 46, 58, 59, 60, 73, 74, 75, 76
6:  541057.74,6601107.10:  22, 34, 35, 47, 48, 49, 61, 62, 63, 64, 77, 78
7:  540868.96,6601162.28:  81, 82, 98, 99,100,116,117,118,119
8:  540922.22,6601162.48:  84, 85, 86, 87,101,102,103,104,120,121,122,123
9:  540980.62,6601162.48:  88, 89, 90, 91,105,106,107,108,124,125,126
10: 541039.02,6601162.48:  92, 93, 94,109,110,111,112,127,128,129,130
11: 541087.00,6601156.46:  79, 80, 95, 96, 97,113,114,115,131,132,133,134
12: 540859.63,6601202.80: 135,136,137,138,155,156,157,158,176,177,178,179
13: 540914.92,6601193.89: 139,140,141,142,159,160,161,162,180,181,182,183
14: 540979.12,6601194.72: 143,144,145,146,163,164,165,166,184,185,186,187
15: 541031.72,6601193.89: 147,148,149,150,167,168,169,170,188,189,190,191
16: 541087.75,6601190.83: 151,152,153,154,171,172,173,174,192,193,194,213
17: 540868.75,6601228.76: 196,197,198,199,215,216,217,218,233,234,235
18: 540924.78,6601231.83: 200,201,202,203,219,220,221,222,236,237,238,239
19: 540983.18,6601231.83: 204,205,206,207,223,224,225,226,240,241,242,243
20: 541041.58,6601231.83: 208,209,210,211,227,228,229,244,245,246,261,262
21: 541110.54,6601215.50: 175,195,212,214,231,232
22: 540888.28,6601276.27: 250,251,252,253,266,267,268,269,281,282,283,295
23: 540946.68,6601276.27: 254,255,256,257,270,271,272,273,284,285,286,287
24: 541015.60,6601278.97: 258,259,260,274,275,276,288,289,290,291,302,303
25: 541078.95,6601261.39: 230,247,248,249,263,264,265,279,280
26: 540912.55,6601304.63: 296,297,298,308,309,310
27: 540968.58,6601307.69: 299,300,301,311,312,313,314
28: 541026.98,6601307.69: 304,305,315,316,317,318
29: 541060.59,6601291.49: 277,278,292,293,294,306,307,319
